2,168,710983,162,433706,
6,186177,4,183777,14,
8,191658,3,188530,15,
10,187179,3,184276,15,
12,193621,2,187823,15,
28,52,2,50,1,
30,702,61,,0,
36,175,60,101,1,
39,1,5970,,0,
40,6,10060,6,16695,
41,38,21706,26,1995,
42,32,3000,32,10030,
43,80,39351,79,1969,
44,,0,232,2770,
45,26,16,26,69,
47,,0,90,2800,
48,7,337,7,440,
50,2,105,2,134,
52,1,70805,1,21200,
53,6,167936,6,14263,
54,4,306,3,243,
56,24,1,20,288,
58,46,1478,42,3026,
60,17,462,15,986,
62,85,23217,83,10032,
64,83,2564,82,2792,
66,303,79906,300,18364,
68,194,2,176,733,
70,1023,41146,1025,41519,
72,772,10001,751,548,
91,90,665,81,104,
93,79,50,55,1733,
95,217,1452,216,330,
97,885,4370,868,214,
99,7720,29408,7601,10797,
101,878,300,873,6253,
103,1854,3918,1858,8351,
105,1940,24170,1840,6491,
107,1889,39219,1800,2635,
109,1425,21308,1424,232,
111,,0,8051,48,
113,331,237,321,340,
115,177,11,153,392,
117,124,5,124,12,
119,,0,66,7,
121,,0,8,633,
123,4,5,,0,
127,76,2,40,258,
129,,0,49,2,
133,725,3,345,3,
135,,0,36,1,
137,,0,111,2,
139,7304,1525,7282,9948,
141,5895,200,4866,232,
143,2431,3,2393,89,
145,160,3,153,2497,
147,75,2,65,14,
149,,0,47,6,
151,89,1,,0,
157,1533,2031,1498,21875,
159,,0,950,19,
161,,0,468,13,
163,573,2248,550,16733,
165,,0,390,12,
167,181,9,,0,
169,340,202,319,304,
171,348,1,336,179,
173,396,1,167,145,
175,390,3,231,31,
177,206,40,101,3,
179,200,2,67,4,
181,162,103,134,320,
183,57,1,48,2,
185,351,7,143,8,
187,416,31,399,1534,
189,,0,1520,18,
193,,0,757,3,
199,21,14290,21,8292,
201,19,2376,19,1883,
203,120,641,245,8318,
205,753,394,739,5166,
207,7382,1724,7384,23083,
209,742,5319,732,10480,
211,1673,5379,1656,14986,
213,1667,538,1612,8151,
215,1692,712,1764,7510,
217,1226,7,1194,22607,
219,8317,1329,8260,8395,
221,4,24955,3,17606,
223,397,29055,396,8153,
225,720,20859,701,19566,
227,4,212430,4,1,
229,2,112003,2,21307,
231,272,35280,259,52569,
233,272,154,295,25,
235,221,463,199,6,
237,182,427,180,1272,
239,165,76039,157,2082,
241,154,19842,137,4945,
243,900,2,842,19,
245,800,16852,791,18956,
247,376,1829,257,506,
249,32,1410,43,20107,
251,38,16419,35,811,
253,159,1468,156,4405,
255,761,1119,746,1005,
257,7451,5657,7445,10952,
259,781,2983,763,21720,
261,1713,2424,1695,6733,
263,1750,472,1708,2483,
265,1699,4072,1662,418,
267,1202,896,1181,41241,
269,8346,10735,8317,7737,
272,447,4,447,1,
273,1374,4,1018,11,
288,458,82,519,1,
299,781,3685,502,3438,
301,49,12,,0,
303,48,232,34,9,
305,378,9,330,5,
307,30,32,8,5,
309,47,23,44,4,
311,46,5,31,1,
313,5,45501,4,5379,
314,2,1800288,2,696709,
315,31,147,21,232,
317,500,4863,104,1561,
319,145,122,118,105,
321,130,603,100,475,
325,12,55,8,118,
327,75,1882,55,132,
329,65,4046,64,3666,
331,34,2721,35,5024,
333,30,3179,31,2091,
335,117,1781,94,1130,
339,6,230,5,430,
341,66,6,71,16,
345,87,411,83,113,
347,21,67,15,160,
349,57,26,49,108,
351,,0,27,153,
353,37,143,42,22,
355,3,38,3,11,
359,30,5797,29,2279,
361,90,8095,89,8406,
363,6,16147,7,40496,
365,125,8276,96,1204,
371,218,6538,218,21792,
373,273,15450,273,22015,
377,104,11117,103,29332,
379,192,30295,185,21598,
383,862,91145,853,28914,
385,1191,65227,1167,97673,
389,1321,1010,1278,4909,
391,1596,10347,1564,33727,
395,970,1200,839,3879,
397,1133,3140,1129,2775,
401,7,1892,8,9438,
403,,0,54,1,
405,878,24,889,22,
407,75,33,80,492,
411,92,11,92,47,
413,856,1,856,15,
426,54,6,10,1,
428,45,8,,0,
434,100,60479,98,112,
436,75,358,74,963,
438,83,587,79,718,
440,54,73362,53,24935,
442,42,24390,42,112269,
444,286,90767,281,220502,
447,99,48819,99,55071,
449,1121,56595,1095,62010,
451,11291,4166,11152,34831,
453,157,655605,154,391432,
464,,0,420,378,
526,102,1796,100,246,
530,665,52,477,7,
532,115,12414,113,4218,
534,679,110,618,1534,
536,1878,64371,1850,59281,
538,309,2,,0,
540,453,2,,0,
542,280,163,262,294,
544,933,171,591,129,
546,,0,180,1,
548,302,2,,0,
554,5,1467439,5,1179492,
555,5,1701215,4,358411,
556,5,1295802,4,465426,
557,5,1147642,4,366969,
558,3,275543,2,272664,
559,5,45264,5,9339,
560,243,1038530,237,1031856,
561,210,434326,206,260041,
562,55,1074992,53,1643731,
563,169,252695,167,260211,
564,142,245695,139,144228,
565,339,866888,335,802161,
566,155,107207,151,313828,
567,113,35625,104,46699,
569,1348,2571,1285,4601,
571,1480,92,1478,1509,
573,1415,82994,1389,9946,
575,1270,3559,1227,5784,
577,2181,8,1551,21,
579,280,22,323,217,
581,1103,52,680,29,
590,59,171,55,4,
592,56,569,55,1069,
596,49,8,37,1,
628,694,3,,0,
630,1381,6,1585,3,
632,,0,852,1,
636,2718,1,1137,129,
638,847,8,,0,
640,400,3,,0,
642,372,2,,0,
644,50,1,,0,
654,,0,1000,1,
658,1290,7,226,1,
660,,0,400,3,
662,1989,4,1327,2,
751,35000,1,10002,15,
753,71,15,48,1,
805,221,1034,193,2366,
806,24,10512,22,2017,
807,21,17294,17,33706,
808,4,27209,2,40748,
809,4,406220,2,225133,
810,34,489760,33,145436,
811,403,38862,399,68019,
816,37,16,37,404,
817,422,81,372,1856,
819,51,2310,60,1320,
820,31,30026,27,16100,
821,60,44908,56,33801,
822,82,124440,80,46040,
823,197,245895,195,118580,
824,1073,16710,1061,32454,
827,1,5,3,6995,
829,68,1227,63,1358,
830,174,3401,170,26465,
837,1999,3,875,4,
839,17,13,3,3,
841,50,4,43,34,
843,34,16,20,15,
845,51,19,50,1,
847,141,2,136,832,
849,34,42,30,19,
851,285,11436,278,6222,
853,193,48,187,2000,
855,526,36629,527,36054,
857,388,713,388,1041,
859,1275,79085,1263,45643,
861,823,521,801,2806,
863,31,5589,31,3104,
864,,0,60,622,
865,39,4344,44,1871,
866,123,3200,123,1303,
867,348,1000,333,48,
868,318,7712,309,16666,
869,37,1451,36,97,
876,350,121,,0,
877,2,4061,2,3060,
880,53,200,51,11000,
881,112,320,,0,
882,2,2042,2,13775,
884,2,33323,2,95700,
886,12,42224,12,38276,
887,,0,20,5,
888,4,71077,3,119388,
890,18,79929,18,121931,
892,41,134249,39,226999,
893,159,502,,0,
946,46,68,44,22,
948,113,26,110,18,
950,33,244,28,48,
952,68,394,59,69,
954,59,1992,58,24,
958,60,20,55,10,
960,162,8657,154,7314,
962,20902,27,20058,59,
970,182,166,179,1,
973,204,72,190,2008,
975,1207,21,618,6,
983,292,14,263,38,
985,9699,10,9349,819,
987,8948,214,8921,706,
989,19265,745,19070,433,
991,7499,7,3651,5,
993,,0,34408,145,
1005,58,10,56,8,
1007,132,11,75,8,
1009,,0,150,1,
1011,220,14,76,8,
1013,64,20,,0,
1015,29,99,32,3,
1017,379,29,337,19,
1019,1893,18,1042,26,
1021,255,3,,0,
1023,399,1,,0,
1025,111,1,104,1,
1027,603,6,752,11,
1029,525,3,,0,
1033,6892,39,6914,71,
1035,3318,153,2338,40,
1038,1994,7,2119,76,
1040,1844,48,1487,33,
1042,6600,6,5472,81,
1044,1294,41,1066,44,
1046,3265,45,2957,39,
1048,2105,25,1939,77,
1050,5430,29,5055,46,
1053,2392,6,2268,20,
1055,2351,8,2127,13,
1057,2785,13,2686,19,
1059,27,153,21,179,
1061,47,73,39,138,
1063,7,103,5,1108,
1065,1266,10,1242,116,
1067,299,6,112,39,
1069,440,21,400,41,
1071,1381,150,1230,41,
1073,3456,28,3442,329,
1075,401,136,371,3,
1077,999,11,967,27,
1079,37742,482,37778,2702,
1081,,0,25,2,
1083,611,2,400,5,
1085,1290,18,1200,12,
1089,,0,1645,1,
1091,4309,5,3532,268,
1093,37829,638,37789,1012,
1095,6,776,6,224,
1097,2700,10,1352,40,
1099,2371,58,2159,64,
1101,28,174,10,4,
1103,250,2,71,1,
1105,567,10,274,9,
1107,1587,12,500,1,
1109,901,5,997,28,
1111,2932,20,2630,64,
1113,29802,292,29464,611,
1115,80,697,69,763,
1117,48,8,,0,
1119,824,742,881,700,
1121,2779,389,2703,6818,
1123,9507,7280,9472,6273,
1125,3035,22,2722,14,
1127,38290,451,38263,2861,
1129,26,251,17,296,
1131,5,876,5,305,
1133,357,33,307,13,
1135,4105,21265,4076,4049,
1137,32,5,25,24,
1139,100,40,154,13,
1141,384,8,51,46,
1143,272,132,150,1,
1145,840,9,871,106,
1147,11071,176,10984,857,
1149,59735,37,58820,260,
1151,100,2,71,2,
1153,72,33,76,92,
1155,91,131,,0,
1157,134,18,50,6,
1159,752,10,768,166,
1161,1949,95,2018,343,
1163,20427,364,20392,3262,
1165,385,25,338,28,
1167,32,42,8,137,
1169,141,67,57,268,
1171,101,1,100,11,
1173,49,5,47,2,
1175,2,40,139,13,
1177,189,5,150,2,
1179,,0,420,29,
1181,718,125,700,24,
1183,1840,33,1742,24,
1185,22673,3,22520,715,
1187,304929,12,299860,8,
1189,121,4,50,1,
1191,111,6,72,153,
1193,219,8,176,3,
1195,1083,4,1050,14,
1197,945,175,855,73,
1199,3146,25,3445,660,
1201,32128,306,31908,2394,
1203,100,1,85,20,
1205,67,4,60,5,
1207,99,15,49,283,
1209,26,2,38,2,
1211,269,15,265,27,
1213,4281,26,4300,736,
1215,17302,112,17272,994,
1217,142,12,105,4,
1231,16919,3,,0,
1237,536,28,522,29,
1239,950,3,351,8,
1241,107,1,,0,
1243,843,2,319,26,
1245,1277,4,891,17,
1247,11848,37,11768,328,
1249,38519,12,36617,37,
1259,,0,957,4,
1265,38,18,36,15,
1267,280,17,145,41,
1269,379,19,224,11,
1271,1705,33,1650,34,
1273,373,57,374,537,
1275,18644,27,18628,541,
1277,62,8,60,6,
1279,166,2,60,1,
1281,93,29,,0,
1283,300,12,300,5,
1285,171,1,120,1,
1287,1064,1,850,5,
1289,12500,22,12149,195,
1293,53,1,40,35,
1295,158,25,139,15,
1297,,0,368,18,
1299,,0,612,47,
1301,1987,8,1688,171,
1303,18557,244,18627,1927,
1305,59141,125,59135,979,
1307,469,1,1114,41,
1309,48,6,29,120,
1311,333,27,,0,
1313,1003,1,841,9,
1315,1265,10,1238,17,
1317,3500,29,3568,281,
1319,37568,4840,37661,1291,
1321,45,3,,0,
1323,40,14,19,3,
1325,111,19,98,280,
1327,1677,12,1407,1,
1329,373,79,373,66,
1331,2410,13,1624,64,
1333,14935,331,14750,714,
1335,21,2,12,137,
1337,28,102,,0,
1339,249,16,127,39,
1341,,0,567,10,
1343,1000,1,656,395,
1345,2341,8,2304,10,
1347,25212,349,24584,2115,
1349,150,2,107,14,
1351,27,234,12,214,
1353,65,5,38,18,
1355,75,31,71,4,
1357,492,11,459,127,
1359,7100,284,6936,393,
1361,350,17,248,17,
1363,,0,40,37,
1365,,0,128,52,
1367,,0,479,9,
1369,,0,851,79,
1371,2144,24,2105,303,
1373,24501,28,24442,840,
1375,,0,32,9,
1377,119275,62,119209,232,
1379,69,6,41,6,
1381,1230,160,1199,36,
1383,1132,10,1121,11,
1385,730,8,701,20,
1387,1900,37,1872,64,
1389,50,6,,0,
1391,7885,22600,7870,82465,
1393,8871,2996,8804,2748,
1395,8942,1,8900,437,
1397,8849,47982,8849,53244,
1399,8847,1900,8754,6336,
1401,25076,12,25014,168,
1403,25200,66,25020,253,
1405,25144,35,25021,251,
1407,,0,25092,77,
1420,55,2,60,2,
1422,97,6,,0,
1424,101,15,61,1,
1426,100,1,,0,
1428,,0,151,50,
1430,,0,696,46,
1432,8248,147,8147,604,
1434,31596,7,29834,131,
1436,10,73880,10,14011,
1438,97,5,90,634,
1440,577,2635,536,3787,
1442,5311,12,5238,66,
1444,1000,3017,941,7282,
1446,1767,5,1762,268,
1448,3168,21,3122,68,
1452,399,15,389,117,
1454,632,7,635,35,
1456,14209,9,9900,22,
1462,815,8,800,12,
1470,924,47,840,5,
1472,1022,26,1024,9,
1474,1309,37,1003,51,
1476,7727,22,4546,85,
1478,1904,9,1414,3,
1511,51,6504,50,809,
1513,991,27802,991,93916,
1515,204,73819,202,143328,
1517,9,113454,8,83367,
1519,17,14137,18,5694,
1521,50,6672,50,112610,
1523,178,2052,177,28,
1539,14,18275,13,6432,
1540,99,21,86,67,
1550,45,40,40,3,
1552,900,3,900,2,
1573,84,21,,0,
1592,899,30,700,1,
1595,529,15,417,3,
1597,477,17,400,2,
1601,1850,9997,1842,21310,
1603,920,506,919,4820,
1605,510,8064,508,4326,
1607,311,12329,300,36385,
1609,860,123,606,367,
1611,280,274,246,148,
1613,1580,39,1571,152,
1615,11599,1948,11468,3096,
1617,2916,10555,2856,25966,
1619,1234,3933,1221,21856,
1621,594,1937,587,11073,
1623,357,8253,354,32079,
1625,473,2113,504,986,
1627,130,202,125,85,
1629,1327,960,1326,316,
1631,13103,1,13102,3739,
1635,133,479,131,2638,
1637,524,2356,518,3553,
1639,704,2711,705,1843,
1641,1027,31,1016,341,
1643,1906,413,1824,88,
1645,12064,5,11964,125,
1654,121,6388,120,8954,
1656,2771,2,579,2150,
1658,729,902,729,1022,
1660,1107,1511,1107,1577,
1662,2019,3000,1980,726,
1664,12000,401,11500,22,
1673,118,20120,114,906,
1675,456,2744,472,74,
1679,1231,5541,1088,7904,
1681,1910,2613,1885,2037,
1683,,0,11356,4,
1692,165,2016,,0,
1694,565,403,541,381,
1696,842,12,832,4181,
1698,1187,1096,1184,3726,
1700,2333,1431,2283,2445,
1702,12749,207,12707,79,
1704,13459,486,13217,5963,
1712,13971,1222,13552,359,
1714,,0,88,284,
1716,80,1,,0,
1718,454,151,,0,
1720,100,1,,0,
1722,30,1,,0,
1724,399,10,275,7,
1725,1295,1086,1288,652,
1727,581,132,555,26,
1729,1000,206,1000,448,
1731,2211,981,2200,368,
1733,55,125,46,6,
1734,6,43622,5,5173,
1735,9,14,,0,
1737,42,2,,0,
1739,182,405,175,1351,
1741,259,4639,240,5932,
1743,265,65,257,672,
1745,1578,22094,1578,19706,
1747,3466,20557,3437,38687,
1749,2360,2463,2350,23254,
1751,1751,9382,1734,24647,
1753,1386,3543,1361,39714,
1755,43,111,29,4,
1757,93,59,25,2,
1759,37,5296,36,1884,
1761,173,25044,172,37787,
1763,415,86,402,9,
1765,554,84,436,13,
1767,470,87,402,13,
1769,1000,26,963,2,
1771,563,23,,0,
1773,398,7,456,2,
1775,108,107631,106,44510,
1777,118,146838,113,121807,
1779,2,95491,2,212490,
1781,37,501,,0,
1783,42,64771,44,80731,
1785,153,16,14,1,
1791,198,11,,0,
1793,54,2002,,0,
1794,394,164,436,10,
1823,78,116,71,9,
1831,50,7,32,1,
1833,123,23,70,2,
1835,229,16,226,14,
1837,69,27,4,6,
1854,69,475,30,441,
1885,780,105,760,22,
1887,199,31,100,8,
1891,159,147,151,3063,
1897,168,421,152,55,
1905,63,87,,0,
1907,92,26,91,52,
1909,964,25,946,1,
1911,458,8,314,1,
1913,75,23,71,8,
1917,69,8884,67,5,
1919,125,134,120,1050,
1921,57,62,,0,
1923,16,12670,15,14,
1925,6,3881,6,9041,
1927,25,13303,,0,
1929,38,1577,38,112,
1931,4,9504,5,15118,
1933,71,39070,70,6451,
1935,3,4727,4,13054,
1937,30,163356,23,17937,
1939,9,138104,9,68089,
1941,3,82420,2,3876,
1942,32,18,31,1314,
1944,22,48,20,10549,
1947,13,111,12,55,
1949,307,48,258,12,
1951,31,2453,23,224,
1953,173,1503,184,108,
1955,69,7406,67,10529,
1957,41,2139,,0,
1959,6357,50,6486,2121,
1961,,0,5071,39,
1963,53,1964,52,660,
1965,45,33,40,316,
1969,296,50,174,159,
1971,41,13,40,2,
1973,12,10862,,0,
1975,29,3156,28,394,
1978,55,48,58,29,
1980,4,10036,3,5,
1982,34,6265,34,15360,
1985,50,148,49,24903,
1987,26,260629,25,121639,
1989,,0,9800,6,
1993,2,68559,2,56807,
2003,55,2957,53,248,
2007,149,29,40,328,
2011,1086,886,965,210,
2015,130,38,129,31,
2025,154,7,,0,
2026,400,7,382,2,
2028,225,10,269,1,
2030,,0,50,2,
2048,,0,1001,2,
2064,6000,4,5661,3,
2084,1500,12,,0,
2102,29,26,24,143,
2106,114,1,,0,
2108,36,1356,31,1000,
2112,450,5,,0,
2114,109,8377,108,1380,
2116,399,50,370,115,
2118,80,6608,77,1,
2120,35,1,31,164,
2126,129,39,110,22,
2128,191,707,,0,
2130,65,12,,0,
2132,63,520,56,7,
2134,130,122,97,264,
2136,134,35,133,6,
2138,248,2923,159,188,
2140,,0,135,1,
2142,60,388,59,252,
2150,970,55,1000,200,
2152,1000,123,705,58,
2162,371,55,340,2,
2164,1,1,,0,
2165,800,1,250,1,
2166,198,4,,0,
2169,60,2,25,13000,
2171,42,3,10,100,
2217,7505,9,,0,
2243,2000,4,2000,1,
2255,,0,514,1,
2283,157,1401,163,6790,
2289,571,1501,601,1220,
2293,326,230,297,2,
2297,545,1464,536,1026,
2301,917,1469,910,1073,
2307,173,13,156,2,
2309,92,416,91,86,
2313,31,1232,33,3619,
2315,306,6023,301,7500,
2319,372,90,,0,
2323,60,24,54,6,
2325,13,42,13,1,
2327,38,36,33,762,
2341,5000,3,,0,
2343,2000,1,,0,
2347,37,378,4,48,
2349,212,568,210,1836,
2351,116,13612,113,20761,
2353,374,110539,366,111414,
2355,85,11500,84,12891,
2357,83,114221,81,233937,
2359,671,42887,659,72154,
2361,1990,20917,1988,55980,
2363,12363,18990,12379,57646,
2366,65768,1,65142,16,
2368,770000,1,,0,
2370,,0,305,94,
2428,20,2,16,3010,
2430,63,341,55,255,
2432,446,65,463,109,
2434,9960,54873,9868,20653,
2436,285,7235,262,6666,
2438,365,10,152,8,
2440,2201,15929,2171,4443,
2442,995,2950,971,2545,
2444,494,13858,487,10591,
2446,548,398,367,461,
2448,761,657,357,433,
2450,3049,2,3288,33,
2452,419,3130,397,795,
2454,340,10,210,1067,
2456,,0,282,1,
2458,48,12,36,6,
2460,950,2,,0,
2462,46,4,42,4,
2464,599,1,358,5,
2466,,0,40,5,
2468,1100,1,1000,5,
2470,,0,424,5,
2472,172,1,56,7,
2474,500000,1,,0,
2476,114000,2,78369,2,
2481,1805,349,1575,12377,
2483,1751,3103,1772,4393,
2485,1562,1081,1535,9507,
2487,1631,33,1588,23,
2489,1829,111,1735,60,
2491,2096,130,2186,183,
2493,2104,119,2017,58,
2495,2612,290,2499,157,
2497,5336,470,5456,867,
2499,4928,5519,4992,9215,
2501,6047,1846,5932,5111,
2503,7372,1507,7274,4713,
2505,1977,53667,1953,3275,
2507,2698,11510,2628,3657,
2509,3700,24497,3665,5879,
2522,500,1,,0,
2524,499,1,250,1,
2550,881,12950,860,7185,
2552,952,6894,927,3984,
2568,1093,15,1013,146,
2570,1873,1037,1810,118,
2572,12387,938,12252,3424,
2577,41868541,4,41266303,3,
2579,204267,12,200770,12,
2581,1169728,8,1138916,41,
2583,20356,1,5600,1,
2587,,0,33786,2,
2591,,0,228239,4,
2593,,0,67999,2,
2595,98771,1,98771,1,
2597,193823,1,193823,3,
2599,,0,11921,8,
2601,,0,7200,6,
2603,,0,6967,4,
2605,4566,2,2525,1,
2607,16336,3,8564,3,
2609,,0,4061,5,
2611,,0,19150,5,
2613,,0,9367,10,
2615,67463,5,63872,20,
2617,220598,6,216339,16,
2619,57186,4,54568,6,
2621,66140,2,66699,2,
2623,56994,1,41541,4,
2625,,0,43689,4,
2627,,0,20004,1,
2629,33140,2,32430,11,
2631,,0,59741,1,
2633,,0,8529,3,
2635,29787,1,,0,
2637,,0,12000,1,
2643,4653,5,3002,3,
2645,,0,944,8,
2647,3141,4,2250,4,
2649,,0,169,3,
2651,65000,1,28333,3,
2653,46207,2,44000,2,
2655,49222,2,44000,2,
2657,364533,1,344272,6,
2659,,0,50388,6,
2661,,0,57501,3,
2663,54537,2,52356,5,
2665,55054,2,53016,6,
2667,57143,1,57143,1,
2669,38674,1,37482,5,
2671,36031,1,36778,4,
2673,22280,3,19535,2,
2675,35073,7,35269,6,
2859,426,148,410,2,
2862,304,93,,0,
2865,,0,97,9,
2866,99,4214,87,2038,
2876,1805,96,1583,31,
2878,35,3,,0,
2890,1278,4,1000,2,
2894,3000,1,,0,
2896,,0,3712,1,
2900,,0,500,1,
2902,1409,2,,0,
2904,1246,95,,0,
2906,694,3,,0,
2908,628,3,,0,
2910,979,12,,0,
2912,866,5,295,3,
2914,1192,1,978,2,
2920,,0,400,10,
2924,,0,4000,1,
2932,336,1,336,12,
2940,3000,1,,0,
2942,936,4,,0,
2961,87,41,,0,
2970,420,23367,417,1970,
2972,413,10,26,1,
2974,2300,16,,0,
2998,2498,5387,2487,6550,
3000,9399,1700,9370,8682,
3002,2688,2288,2617,3488,
3004,9706,11192,9622,4040,
3008,445,2373,435,2698,
3010,306,178,316,696,
3012,220,2,,0,
3014,117,1,,0,
3016,2006,16376,1924,8184,
3018,1385,5982,1375,16590,
3020,,0,862,10,
3022,,0,512,2,
3024,12654,23411,12356,31323,
3026,8572,2916,8541,12168,
3028,6264,1,5778,179,
3030,,0,2731,60,
3032,311,226,285,7,
3034,,0,150,309,
3036,207,1,,0,
3038,79,2,,0,
3040,88,1324,82,1137,
3042,40,4001,35,167,
3044,,0,28,1,
3046,39,13,,0,
3049,2408,7214,2415,10569,
3051,9337,4567,9345,12436,
3053,8967,30,9099,81,
3054,26117,2,26161,24,
3097,,0,149,19,
3101,7298,1,6790,16,
3105,251,399,153,76,
3107,6999,10,5104,2,
3122,38815,7,36738,89,
3125,986,6,,0,
3138,710,2745,706,11940,
3140,246913,11,241008,13,
3142,378,71235,362,95318,
3144,521,44631,509,68262,
3157,1581,4,,0,
3159,1210,6,,0,
3162,70,1,,0,
3183,361,14,358,13,
3188,1000,15,477,4,
3190,440,1,,0,
3200,14882,2,,0,
3202,38563,14,37600,177,
3204,150242,16,148992,167,
3211,145,28,100,24,
3216,449,1,301,5,
3228,592,37,,0,
3239,17,100,10,41,
3325,584,1373,560,664,
3333,249,1,125,1,
3339,880,1,,0,
3343,3362,3,,0,
3349,133,2,,0,
3351,1100,2,,0,
3355,110,1,,0,
3357,1,1,,0,
3359,1125,2,,0,
3363,689,53,580,8,
3365,4000,9,2852,1,
3367,1561,33,1075,1,
3369,1500,52,,0,
3373,9151,10,,0,
3379,2100,13,,0,
3381,298,1,,0,
3385,,0,5572,3,
3387,29705,10,26723,8,
3389,23789,5,23613,3,
3391,,0,2495,9,
3398,,0,1990,101,
3400,783,126,,0,
3404,3057,11,2605,3,
3410,,0,6,9,
3420,851,435,239,520,
3422,29,60,,0,
3430,1568,6,1716,158,
3434,792,2,754,3,
3436,309,1,,0,
3438,3100,1,,0,
3440,1091,110,700,2,
3442,1252,2,,0,
3444,3450,102,,0,
3446,,0,1959,371,
3448,2836,165,2817,3,
3470,7770,40,7752,70,
3472,,0,5000,3,
3474,,0,4855,2,
3475,31899,1,6158,4,
3476,,0,60000,3,
3477,,0,36005,1,
3478,,0,38000,1,
3479,39100,1,38905,3,
3480,,0,37589,2,
3481,,0,3760116,4,
3483,,0,4685486,1,
3485,439079,6,424199,2,
3486,2932000,4,2830574,7,
3488,3039389,1,3120340,4,
3678,6725,9,5500,15,
3749,42915,14,41209,31,
3751,49280,14,47954,41,
3753,48698,1,40000,1,
3755,40600,2,38572,14,
3761,,0,40,3,
3773,180,1,,0,
3779,1993,1,,0,
3789,1442,1,576,1,
3791,900,1,,0,
3799,497,4,,0,
3801,550,9,,0,
3827,,0,4294,6,
3828,2077,5,1100,1,
3829,2007,1,1765,4,
3830,1186,7,1050,1,
3831,45000,2,28545,11,
3832,78000,1,68438,14,
3833,23755,2,26326,20,
3834,48527,4,30916,14,
3835,2351,1,2208,6,
3836,2261,2,2131,6,
3837,1889,3,281,3,
3838,,0,944,8,
3853,965,1625,911,256,
4012,195,308,,0,
4014,1000,12,954,12,
4016,600,1,,0,
4087,161996,73,161138,598,
4089,17458,9,18422,23,
4091,72586,34,71134,65,
4093,47761,23,47134,61,
4095,5948,20,5490,39,
4097,5307,18,5214,71,
4099,40161,5,38221,1,
4101,73679,38,71195,48,
4103,48748,25,47500,85,
4105,7002,2,6996,6,
4107,105018,1,96667,6,
4109,8924,2,8442,9,
4111,72567,10,71000,34,
4113,47972,8,46978,18,
4115,6250,2,5748,4,
4117,13560,7,10719,2,
4119,584,2,583,1,
4121,4660,6,3300,3,
4123,,0,200,4,
4125,555,4,545,9,
4127,267,12,,0,
4129,1494,28,1490,29,
4131,7226,78,7036,105,
4151,2217589,134,2201089,120,
4153,106764,151,103555,131,
4156,5124,27,5000,1,
4161,11,524,10,84,
4162,986,3,,0,
4164,698,5,345,1,
4166,394,4,,0,
4168,1827,6,2530,1,
4170,19416,12,18015,4,
4207,410392,13,411676,48,
4298,593,29,286,15,
4300,811,35,792,16,
4302,537,34,60,1,
4304,2045,42,1492,7,
4306,2734,52,2202,5,
4308,1601,38,1442,7,
4310,3748,53,3346,16,
4315,521,5,,0,
4317,386,1,,0,
4327,180,1,,0,
4333,449,2,,0,
4337,,0,2000,1,
4349,,0,516,21,
4351,995,1,600,1,
4355,478,1,,0,
4365,36,3,,0,
4367,105,3,,0,
4371,193,3,54,147,
4373,,0,1000,1,
4387,194,1,190,1,
4393,,0,127,4,
4395,,0,1000,1,
4399,,0,63,2,
4405,56,4,23,2,
4409,300,150,,0,
4411,149,5,,0,
4413,153,37,205,9,
4417,2324,4054,2076,1605,
4419,,0,1234,41,
4421,,0,1157,1,
4423,,0,460,9,
4436,1213,10,,0,
4440,1352,15,,0,
4456,268,17,241,314,
4522,4850,2,,0,
4525,2,1304,,0,
4527,5,46,5,1164,
4529,800,5,,0,
4532,7500,8,,0,
4537,867,6,,0,
4542,24,1001,17,50424,
4544,3315,2,,0,
4546,299,3,,0,
4548,919,81,731,6,
4551,3000,21,1242,6,
4580,,0,950,1,
4585,161176,35,161129,581,
4587,60389,86,59320,161,
4591,250,1,,0,
4593,150,2,,0,
4600,112,3,,0,
4627,2319,3,2155,4,
4668,1,16,,0,
4675,64169,73,62372,53,
4684,2000,1,,0,
4687,412,66,,0,
4694,69,14000,63,15750,
4695,102,39689,98,36700,
4696,5,209132,4,35177,
4697,114,69337,94,28518,
4698,210,64729,201,14652,
4699,4,144509,4,83032,
4708,54573,12,47785,33,
4710,125803,22,122086,72,
4712,1998641,40,1977627,43,
4714,1857198,39,1832714,36,
4716,244097,4,233162,20,
4718,559873,22,550706,24,
4720,1053230,5,962568,28,
4722,1169107,8,1150798,33,
4724,596957,7,582521,13,
4726,775000,3,769237,17,
4728,932990,5,920895,19,
4730,858969,5,841439,19,
4732,53529,31,51627,5,
4734,120571,13,113220,8,
4736,4009259,29,4016085,55,
4738,893526,32,878468,44,
4740,76,17117,73,3081,
4745,94079,5,91686,8,
4747,96499,1,95469,9,
4749,206841,9,200876,19,
4751,233644,18,228900,28,
4753,213199,24,208530,20,
4755,152049,6,143191,10,
4757,,0,166000,2,
4759,402154,27,389577,18,
4783,69,2070,81,847,
4793,147,140,104,565,
4798,332,1394,232,332,
4803,986,800,908,100,
4812,328,2,336,4,
4819,3,3053,2,4691,
4820,11,4815,10,3262,
4821,,0,401,15,
4822,45,7431,40,113,
4823,123,2201,100,10,
4824,819,1500,810,170,
4827,1080,11,,0,
4830,2308,1,,0,
4834,,0,33258,15,
4842,761,120,,0,
4844,396,1,,0,
4848,2000,1,,0,
4850,,0,752,71,
4860,,0,16422,2,
4866,,0,55685,12,
4872,,0,1894640,10,
4878,,0,1710200,10,
4884,,0,187400,92,
4890,472603,21,471750,82,
4896,,0,862293,119,
4902,1088090,14,1088197,80,
4908,,0,531000,4,
4914,,0,713000,3,
4920,,0,776000,3,
4926,,0,773000,3,
4932,,0,16037,18,
4938,,0,94492,1,
4944,,0,3775735,17,
4950,,0,783089,9,
4956,,0,71011,4,
4968,,0,168000,3,
4974,,0,165029,11,
4980,,0,155750,7,
4986,,0,94966,2,
4992,,0,166368,1,
4998,,0,340667,5,
5001,276,3,,0,
5014,114,15,132,1,
5016,717,11,,0,
5028,1,1,,0,
5036,981,1,2,1,
5044,7000,2,,0,
5046,1358,3,,0,
5075,3561,3488,3534,13984,
5096,6,32,3,86,
5097,3,119,2,42,
5098,6,162,2,75,
5099,1,74,,0,
5100,14,3096,8,1434,
5101,2,538,,0,
5102,,0,6,150,
5103,4,8,4,8,
5104,2,429,,0,
5105,4,14,4,368,
5106,14,453,4,239,
5280,45,400,56,556,
5281,75,647,69,81,
5282,50,21,15,11,
5283,5,144,7,258,
5284,5,61,7,366,
5285,3,250,1,13,
5286,5,10,5,45,
5287,,0,82,394,
5288,2691,103,2698,1100,
5289,34805,43,34807,548,
5290,107,21,115,324,
5291,6,736,4,513,
5292,2,65,,0,
5293,11,114,10,220,
5294,32,369,34,1166,
5295,38196,533,37983,1503,
5296,2714,233,2675,1084,
5297,38,39,38,135,
5298,331,31,302,63,
5299,286,246,280,180,
5300,58572,560,57897,1432,
5301,723,399,641,134,
5302,726,197,703,162,
5303,588,432,565,685,
5304,56921,146,56687,651,
5305,3,22310,2,2054,
5306,3,12093,2,25,
5307,2,19028,,0,
5308,2,7176,,0,
5309,14,3884,9,754,
5310,6,74,6,20,
5311,68,6007,60,512,
5312,24,54,28,598,
5313,490,160,484,1092,
5314,17931,37,18161,616,
5315,52587,37,52472,743,
5316,122758,38,122911,712,
5318,1,3820,,0,
5319,1,4797,,0,
5320,9,938,3,578,
5321,9,6799,5,1755,
5322,,0,4,399,
5323,19,1077,16,843,
5324,1,174,,0,
5325,160,17,,0,
5329,38,17,,0,
5331,199,64,,0,
5341,181,66,180,25,
5343,169,96,138,23,
5350,77,27,4,74,
5354,2,2528,2,3300,
5370,304,390,,0,
5371,806,781,809,539,
5372,19446,365,18931,16,
5373,54032,788,52470,1097,
5374,124919,320,122668,176,
5376,1,10045,,0,
5386,714,1247,514,719,
5396,248,983,201,175,
5406,990,327,924,35,
5416,320,1347,315,94,
5418,1,49057,,0,
5438,302,113,278,7,
5458,2834,3,1158,19,
5478,533,3,,0,
5496,593,16,517,80,
5497,153,147,152,28,
5498,79,10,,0,
5499,229,24,206,40,
5500,553,114,419,92,
5501,3362,1009,3274,159,
5502,36556,542,35479,761,
5503,619,977,603,38,
5504,188,3182,173,1742,
5516,3019,2,,0,
5521,923,724,884,1863,
5523,43,22,,0,
5525,80,1088,82,759,
5527,11,21,9,3,
5529,19,7,15,46,
5531,161,6,150,2,
5533,7,128,6,1,
5535,1,42,,0,
5537,38,15,35,3,
5539,200,3,,0,
5541,62,8,60,25,
5543,1,6,,0,
5547,7247,7,7962,1,
5574,3765,1,3163,15,
5575,6979,7,5735,11,
5576,4684,16,4375,6,
5626,20,1890,16,3261,
5627,720,120,,0,
5633,250,2000,,0,
5660,411,8,,0,
5662,,0,20,1,
5666,,0,100,1,
5667,289,292,298,3706,
5678,,0,4068,175,
5680,18293,6,17067,12,
5688,3830,1,,0,
5698,21427,99,21744,112,
5716,,0,41806,25,
5730,39694,5,35845,4,
5743,53450,5,,0,
5747,27282,13,25103,9,
5751,2190,1,2190,3,
5755,1667,46,1434,12,
5757,56958,14,,0,
5759,,0,10,98,
5763,209,6,,0,
5767,995,1,,0,
5931,840,153,840,4569,
5933,698,98,659,30,
5935,1900,1,1709,35,
5937,,0,834,43,
5940,3428,77,3230,925,
5943,1998,15,1264,98,
5945,1820,1,,0,
5947,,0,1415,2,
5952,1526,5075,1502,12248,
5954,1212,3,1212,59,
5956,,0,884,2,
5958,489,116,350,1,
5968,288,877,250,38,
5970,34,49,31,453,
5972,758,8603,742,10916,
5974,1479,9381,1442,10760,
5980,,0,96,104,
5982,18,9068,18,3312,
5984,,0,3,3,
5986,194,93,192,1539,
5988,,0,351,206,
5994,70,8,,0,
5996,209,80,,0,
5998,976,4129,969,1455,
6000,,0,101,9,
6002,46,540,11,70,
6004,121,133,113,718,
6006,697,2,650,34,
6008,1015,21,869,11,
6010,,0,310,6,
6012,,0,420,4,
6014,,0,62,2,
6016,1725,8431,1700,26916,
6018,75,3233,59,3419,
6032,48,19521,41,5014,
6034,477,3263,443,4958,
6036,100,467,,0,
6038,2400,1,,0,
6043,31,5,31,25,
6047,100,153,100,212,
6049,,0,151,56,
6051,,0,2763,110,
6055,148,14,145,651,
6129,45000,1,37925,8,
6130,37872,2,37500,7,
6133,4555,1,4506,1,
6135,9000,2,7501,4,
6139,,0,26500,7,
6141,,0,23201,7,
6147,45000,1,30000,1,
6155,205,4,205,16,
6161,,0,23501,1,
6211,1420,1,,0,
6235,,0,3105,1,
6279,8000,1,,0,
6281,,0,100,3,
6289,15,13487,17,4918,
6291,1970,5,156,32,
6299,99,1,,0,
6305,22,5,,0,
6306,8,39200,8,21187,
6311,866759,12,,0,
6313,926,3,11,1,
6317,35390,10,28010,1,
6319,153,16,153,1,
6322,622,20,700,9,
6324,422,14,419,10,
6326,218,88,348,137,
6328,182,387,146,97,
6332,357,59340,355,87106,
6333,257,1067,225,8755,
6337,,0,2034,2,
6339,,0,600,1,
6377,1,2,,0,
6384,,0,2000,1,
6386,2500,1,,0,
6388,391,1,,0,
6390,3000,2,,0,
6392,935,6,935,1,
6394,1000,5,,0,
6396,1000,4,,0,
6398,835,6,,0,
6414,1,1,,0,
6416,1608,6,,0,
6418,1727,3,,0,
6470,350,37,350,39,
6472,51,250,,0,
6522,994,22,963,351,
6523,357774,14,339856,14,
6524,256281,18,245826,19,
6525,,0,40000,1,
6528,199330,29,198138,18,
6562,23659,26,21913,12,
6563,66670,6,57201,6,
6568,503394,26,491500,34,
6571,,0,1685000,4,
6573,1707500,4,1666666,5,
6585,1690990,193,1663732,134,
6587,1000,1,,0,
6607,2596,1,2596,1,
6609,3000,1,1568,1,
6617,5793,13,,0,
6619,4000,5,,0,
6625,3939,9,,0,
6629,620,2,,0,
6633,5500,2,,0,
6667,16,29,16,1,
6681,,0,4,6,
6685,5311,29351,5233,19714,
6687,,0,3917,338,
6689,,0,2490,185,
6691,2000,100,1250,530,
6693,3683,269,3662,4798,
6697,53,22,,0,
6705,219,8190,215,1166,
6724,21192,19,19657,6,
6729,9111,37,9098,2337,
6731,307226,46,308877,44,
6733,3420606,37,3393576,43,
6735,58445,43,55444,28,
6737,1960317,56,1944616,97,
6739,72227,60,69619,37,
6750,1909,12,890,1,
6752,1458,10,,0,
6760,,0,1800,2,
6762,500,1,,0,
6794,,0,357,10,
6809,39707,4,38941,44,
6812,1894,6294,1838,6915,
6814,379,19,378,18,
6889,3232027,28,3180447,26,
6908,235000,1,186500,1,
6910,,0,915000,1,
6914,2841957,22,2819175,20,
6916,2539449,2,2365000,1,
6918,,0,2604167,6,
6920,662000,12,653000,35,
6922,1018333,3,1000300,3,
6924,,0,3044977,2,
6959,1555,1,,0,
6962,,0,392,1,
6973,32,6,,0,
6975,101,10,,0,
6977,2852,11,900,1,
6979,23,3,,0,
6981,56,6,,0,
6983,581,9,577,12,
7051,443,8,,0,
7054,141,11,140,22,
7056,266,300,265,58,
7058,,0,1100,48,
7060,1403,1445,1386,2644,
7076,200,1,,0,
7082,,0,111,1,
7110,2000,1,,0,
7112,2299,1,,0,
7114,505,2,505,15,
7128,365,1,,0,
7136,1183,1,,0,
7158,132604,19,130859,18,
7159,504,11,,0,
7178,120,62,90,66,
7188,56,2,55,9,
7196,1200,1,1150,1,
7198,131,56,125,10,
7206,3900,1,,0,
7208,599,40,560,97,
7216,1147,5,1065,3000,
7218,422,24630,409,29751,
7225,113,29,70,2,
7319,,0,2086,3,
7321,,0,2289,2,
7323,3510,1,,0,
7325,,0,25000,1,
7327,,0,3000,2,
7329,103,616,60,506,
7330,64,132,66,152,
7331,58,78,54,318,
7332,,0,7444,2,
7334,4183,2,4177,8,
7336,56733,9,52997,1,
7338,,0,3170,3,
7340,3433,1,3003,7,
7342,33055,3,31925,1,
7344,5529,3,,0,
7346,,0,3646,5,
7348,,0,32010,2,
7350,,0,1348,1,
7352,,0,3001,8,
7354,31721,2,,0,
7356,2767,4,,0,
7358,3135,2,3002,3,
7360,,0,34576,2,
7362,29863,4,25000,2,
7364,4431,3,,0,
7368,8682,3,,0,
7370,,0,8500,6,
7372,3990,1,3003,2,
7374,,0,5196,2,
7376,,0,5015,1,
7378,37700,1,46097,8,
7380,7622,3,6856,1,
7382,2600,2,,0,
7386,148000,1,135632,5,
7390,,0,260000,1,
7392,38523,6,35000,1,
7396,,0,95858,2,
7398,55729,15,51136,3,
7399,79000,10,75863,3,
7400,,0,9398,7,
7416,6144,622,6246,958,
7418,4925,610,5052,1501,
7445,15509,3,16597,3,
7468,1109,14,1109,1,
7650,1000,2,1000,1,
7660,,0,20,2,
7668,,0,2032,6,
7771,2799,1,2650,3,
7936,1,2307092,,0,
7944,215,19067,206,34208,
7946,357,19330,342,16740,
8007,479,9379,465,2014,
8008,499,3388,469,692,
8009,426,4419,413,1764,
8010,368,2121,348,2490,
8011,505,2203,482,1567,
8012,554,212,346,9,
8013,477,62077,465,26508,
8014,752,220,730,2077,
8015,2113,13315,2004,2996,
8016,146,1,,0,
8017,422,4,,0,
8018,590,35,,0,
8417,1437,2,1513,2,
8419,2500,6,2400,1,
8421,,0,2310,257,
8423,14303,5,11245,2,
8425,,0,20572,153,
8429,53454,7,30500,1,
8431,1324,1,,0,
8433,5600,1,,0,
8435,11991,11,11600,1,
8437,4925,1,,0,
8441,11780,4,,0,
8443,24843,3,,0,
8447,48338,1,,0,
8459,10787,1,,0,
8461,15465,2,,0,
8510,998,1,,0,
8526,27526,1,,0,
8778,444,70886,441,47873,
8780,879,1464,852,19731,
8782,2126,74577,2087,102535,
8784,133196,182,131080,4,
8786,333900,192,329734,11,
8788,996800,16,,0,
8790,975,97,933,116,
8792,735,2695,719,1312,
8794,631,48,200,9,
8837,2000,5,,0,
8872,4315,8,,0,
8878,5085,1,4901,1,
8880,2614,7,2005,6,
8882,8,12855,8,20367,
8901,814821,2,754679,11,
8921,775741,8,748893,20,
8924,76,1,,0,
9004,,0,200,1,
9026,110,1,,0,
9028,,0,1045,71,
9030,279,2,181,70,
9032,,0,79,5,
9034,,0,1274,52,
9036,96,5,96,42,
9038,200,17,200,33,
9040,782,137,761,2928,
9042,152,31,150,5,
9044,3264772,20,3147409,21,
9050,3376016,7,3203317,6,
9052,,0,25,1,
9075,149,141273,148,236592,
9140,10,1500,10,1670,
9142,43,9336,41,35641,
9143,197,36369,189,39248,
9144,326,41214,316,62000,
9174,999,15,255,94,
9177,1000,1,1000,1,
9179,111,1,,0,
9181,560,6,,0,
9183,3350,19,2258,11,
9185,10315,227,9613,367,
9187,,0,7,12,
9188,138,14,139,38,
9189,,0,33,2175,
9190,63,5352,53,4796,
9191,83,28168,88,23356,
9192,175,12975,167,6710,
9193,283,2345,284,50981,
9194,8120,2777,8113,17713,
9238,,0,14,1590,
9239,4,791,,0,
9240,16,7347,,0,
9241,80,9151,71,16232,
9242,224,26830,213,19084,
9243,351,71863,345,61721,
9244,510,63901,507,45724,
9245,8480,20971,8462,30517,
9289,242,18,,0,
9297,,0,496,34,
9305,1148,200,,0,
9336,187,4791,180,253,
9337,90,2029,88,145,
9338,130,18781,114,13370,
9339,310,7672,314,6231,
9340,387,27902,367,3660,
9341,617,29739,603,5010,
9342,8651,28621,8584,4327,
9379,57,91000,,0,
9380,205,13000,202,262,
9381,375,5584,361,22031,
9418,1300,4,894,1,
9419,1549,95,1583,12,
9420,,0,100,1,
9427,,0,483,1,
9431,9255,1,9215,216,
9434,1,1,,0,
9436,272,7,,0,
9438,497,107,249,81,
9448,1,377,1,377,
9452,86,3,128,3,
9461,,0,370,5,
9463,,0,918,6,
9465,9299,2,9236,135,
9469,990000,2,,0,
9470,925996,1,901199,3,
9472,,0,10000,6,
9475,125000,2,100000,1,
9634,1441,6,910,3,
9636,2595,7,1052,1,
9638,2935,6,,0,
9666,30000,2,,0,
9668,25000,3,,0,
9672,4892,11,4323,5,
9674,10525,57,11627,10,
9676,14673,33,11773,37,
9678,7000,6,6603,4,
9729,,0,233,1,
9731,45779,6,40000,2,
9733,,0,1500,5,
9735,33,1496,32,5438,
9736,83,4471,76,200,
9739,680,1281,614,175,
9741,,0,388,2873,
9743,247,1,247,2,
9745,,0,50,4,
9843,1,1,,0,
9978,,0,30,85,
9998,4200,121,4025,62,
10000,,0,2899,2,
10002,,0,1800,1,
10006,9,410,8,8,
10008,46,6377,46,382,
10010,19,158,18,4,
10012,386,205,117,144,
10014,,0,1129,1,
10020,64,74,63,20,
10025,,0,722,48,
10029,21,41,10,3,
10033,721,2340,651,4359,
10034,1001,162527,992,16360,
10035,9821,1,,0,
10039,,0,1950,1,
10041,5999,1,,0,
10043,385,2,,0,
10045,2150,1,,0,
10047,909,1,,0,
10049,1011,4,,0,
10051,7625,1,,0,
10053,1,1,,0,
10055,3697,1,,0,
10069,1053,10,700,1,
10071,2103,6,1291,3,
10075,5481,18,3504,188,
10081,,0,9000,1,
10083,,0,1669,48,
10085,2924,1,2794,1,
10087,6,16338,7,13383,
10088,,0,10,1,
10089,64,2,,0,
10090,25,2,,0,
10091,,0,22,807,
10093,220,1,201,2,
10095,,0,164,1,
10105,622,10,141,4,
10109,3051,161,2550,223,
10111,3700,78,,0,
10113,,0,369,54,
10115,1000,7,883,20,
10117,1328,2,,0,
10125,,0,50,19,
10127,1220,29,598,2,
10129,,0,45,4,
10132,553,4,,0,
10136,,0,90,29,
10142,,0,3,15,
10143,1,247400,,0,
10144,2,2170,2,7000,
10145,5,6961,,0,
10146,53,16,52,1,
10147,1,13,,0,
10148,199,6,130,17,
10149,1000,2,309,15,
10150,34,16,25,2,
10156,4500,1,3509,2,
10158,104,60,104,498,
10159,1097,100,,0,
10280,,0,4001,2,
10282,,0,2815,14,
10284,9999,3,5541,9,
10286,55671,4,48788,2,
10288,26573,4,,0,
10290,22813,1,21001,1,
10292,24000,1,20980,1,
10294,,0,23269,6,
10296,,0,10876,1,
10298,,0,8063,73,
10300,,0,11029,5,
10302,,0,10250,4,
10304,4011,3,4396,8,
10306,2016,2,,0,
10308,4763,6,4879,1,
10312,4952,2,3001,2,
10314,950,2,,0,
10316,22585,2,,0,
10320,25861,1,,0,
10322,54012,2,,0,
10324,25430,1,20950,1,
10326,111,591,98,334,
10327,119,47,102,367,
10334,7975000,1,,0,
10338,71014250,4,68680338,6,
10340,30337990,4,29728043,8,
10346,63701000,1,,0,
10350,19750000,1,,0,
10354,,0,50000,1,
10362,52764,1,50000,1,
10364,17666,30,19356,5,
10366,9553,3,9500,2,
10368,213104,11,193559,16,
10370,730660,22,715005,29,
10372,940509,22,925529,16,
10374,85500,18,71328,29,
10376,27265,7,22862,7,
10378,245640,15,235018,20,
10380,427592,21,417600,23,
10382,74209,6,72157,11,
10384,140569,7,125971,20,
10386,574778,13,564190,17,
10388,880561,9,854275,19,
10390,86705,13,77943,15,
10394,4687959,11,4530823,9,
10398,30269,1,,0,
10400,,0,6500,2,
10404,45000,1,,0,
10406,200000,2,20000,1,
10416,,0,3420,1,
10418,,0,2420,2,
10420,14420,1,2342,3,
10422,1701,5,1002,3,
10432,200000,1,30108,2,
10434,2515,3,,0,
10436,832,4,,0,
10438,,0,1556,3,
10440,25132,2,21047,2,
10442,,0,19342,2,
10444,19164,10,14568,1,
10446,39532,11,34009,15,
10448,19734,2,14424,6,
10450,16262,7,15321,10,
10452,33386,3,23482,8,
10454,33922,4,21763,19,
10456,34533,21,28048,9,
10458,276156,3,260030,2,
10460,290744,3,258521,7,
10462,114793,2,66000,2,
10464,160544,2,154333,3,
10466,105602,5,83879,3,
10468,137223,7,115508,1,
10470,,0,14842,6,
10472,6179,3,4605,1,
10474,12777,22,10000,1,
10476,6890,2419,6653,6573,
10496,2398,19,1070,12,
10564,76485,7,72001,15,
10589,32381,2,32267,9,
10810,699,550,,0,
10812,892,58,,0,
10818,,0,120,5,
10822,1084,12,705,2,
10824,2853,8,1017,5,
10826,2384,13,1700,2,
10828,52917,224,50681,140,
10891,3816,62,3971,30,
10925,31344,739,31229,1323,
10927,22970,5,22970,20,
10929,14835,1,14835,3,
10931,,0,7193,2,
10937,17464,1,17060,50,
10952,500,1,442,14,
10954,,0,416,1,
10956,276,1,,0,
10973,149,9,111,3,
10981,872,11,,0,
10999,,0,650,2,
11037,121862,8,119369,11,
11061,6865,4,5418,4,
11065,689,7,700,2,
11069,206,556,197,917,
11072,,0,601,147,
11076,756,443,726,41,
11079,889,19,800,137,
11085,,0,1125,1414,
11088,1250,5,1145,1,
11090,2250,463,2210,332,
11092,2009,12104,2009,8178,
11095,2227,5055,2215,17590,
11105,12527,43,12101,11,
11113,,0,12267,305,
11115,11780,2464,11405,22,
11118,12387,74,12250,48,
11126,12209,2140,12236,539,
11128,1718183,12,1690276,16,
11133,1684277,65,1661420,39,
11200,53851,13,48551,23,
11212,818,50949,813,42890,
11227,1799,1,993,48,
11228,961,14,770,30,
11229,1649,1380,1502,321,
11230,2513,30096,2453,28916,
11232,2824,4664,2816,22526,
11234,2694,204,,0,
11235,570770,35,560361,26,
11237,871,4491,874,25526,
11238,1340,6,1277,127,
11240,2212,201,2152,493,
11242,3224,2985,3111,9627,
11244,1491,44,1558,121,
11246,1978,71,1902,72,
11248,4574,11596,4507,13189,
11250,4492,1492,4396,1528,
11252,20071,276,19937,602,
11254,36940,127,35500,200,
11256,363127,137,362262,298,
11260,471,13623,450,37323,
11284,4265725,54,4193988,58,
11286,,0,4190000,4,
11326,225,68,,0,
11328,,0,2,37,
11330,,0,5,6,
11332,,0,68,17,
11377,12214,2,11847,221,
11419,15276,1,,0,
11451,50,2,,0,
11473,331,9,300,2,
11475,,0,355,1,
11487,,0,288,1,
11497,,0,303,1,
11509,825,10,205,2,
11785,69936513,21,69219342,37,
11787,80065,15,73992,6,
11789,100239,6,85006,3,
11791,5990011,6,5919166,5,
11798,546999,2,,0,
11802,10755260,65,10601301,80,
11804,15426418,73,15241086,79,
11806,23703213,32,23502022,36,
11808,3884112,22,3825489,22,
11810,,0,9808008,10,
11812,,0,14313704,5,
11814,23000000,1,22777723,5,
11816,,0,3201500,2,
11818,,0,163580,8,
11820,163000,1,163000,20,
11822,,0,172167,12,
11824,16288516,28,15843078,39,
11826,8930651,15,8766524,32,
11828,39088192,51,38623852,33,
11830,36800997,38,36313390,34,
11832,28143088,40,27857163,64,
11834,28309343,56,28062069,68,
11836,449244,10,428699,28,
11838,279261,33,275599,50,
11840,214484,260,210461,200,
11875,59,159730,58,41478,
11876,,0,62,125,
11889,15911418,23,15695102,20,
11902,48687,6,40322,7,
11905,980920,12,958948,18,
11908,54799,8,53529,16,
11920,4233430,42,4190574,61,
11924,1940264,9,1903761,10,
11926,4914530,13,4848622,13,
11929,,0,3276004,3,
11933,,0,94000,1,
11934,,0,1200,208,
11936,1444,3820,1425,1759,
11940,5,2640,6,779,
11943,2776,3009,2705,871,
11951,174,3366,127,1277,
11953,120,22,109,59,
11955,92,341,82,12,
11957,22,885,,0,
11959,2848,20129,2843,31725,
11964,89777,3,,0,
11968,12889,509,12553,113,
11972,12779,133,12198,158,
11978,14086,4620,13759,790,
11980,15046,2547,14589,596,
11990,8693,1,10000,2,
11992,1474,5,1465,1712,
11994,215,34268,201,1637,
11998,1625927,21,1596711,16,
12000,1649649,12,1621793,21,
12002,404294,126,394710,61,
12004,488762,28,479638,36,
12007,12125,4,9240,2,
12193,102495,4,88740,1,
12195,100832,4,85636,1,
12197,19222,7,17020,10,
12199,18254,4,5000,4,
12201,15997,9,15000,4,
12203,34930,17,27511,14,
12205,,0,94370,5,
12207,,0,1255,1,
12215,,0,7077,2,
12217,,0,3003,1,
12219,2493,1,,0,
12221,,0,10350,1,
12223,6237,1,,0,
12225,83086,4,79555,1,
12227,14747,1,,0,
12229,5000,4,5000,4,
12231,62405,6,58652,1,
12233,31367,3,31367,1,
12235,247702,4,,0,
12237,33214,2,26777,1,
12239,6352,1,,0,
12241,245000,1,239616,1,
12243,203854,2,196222,1,
12245,,0,25000,1,
12249,5798,1,,0,
12253,132000,1,91916,5,
12255,91569,3,89000,2,
12257,18913,9,11528,16,
12259,36966,13,26883,6,
12261,20342,5,16724,3,
12263,25327,7,6100,1,
12265,109876,2,,0,
12267,79908,1,,0,
12269,22136,9,10181,6,
12271,23140,7,19826,11,
12273,48365,7,42620,14,
12275,23791,18,6100,1,
12277,4955,4,,0,
12279,2600,24,2365,1,
12281,3438,15,3922,1,
12283,9335,1,9000,5,
12285,3005,1,,0,
12287,3092,1,3070,1,
12289,,0,2596,5,
12291,4892,16,1962,4,
12293,3090,4,2849,2,
12295,,0,2669,3,
12297,3818,19,225,8,
12299,1522,2,1111,2,
12301,2351,1,2000,1,
12303,,0,2098,6,
12305,,0,1425,4,
12307,6300,2,769,3,
12309,2901,1,2374,9,
12311,,0,3330,6,
12313,9000,2,2358,6,
12315,,0,1941,1,
12317,,0,2590,1,
12319,,0,3283,2,
12321,6500,1,3250,4,
12323,,0,1737,2,
12325,,0,1500,2,
12327,,0,7408,8,
12329,4432,7,6678,1,
12333,,0,3215,9,
12337,900000,2,801000,3,
12339,1050,8,1049,3,
12345,871,9,750,1,
12347,1806,6,340,3,
12349,,0,1000,2,
12357,,0,275000,4,
12359,,0,4886,3,
12361,6611,1,5000,3,
12367,,0,6011,1,
12373,32888,1,20500,1,
12375,17500,1,11640,1,
12377,1255,11,769,3,
12379,8265,1,8265,2,
12381,30000,1,26606,2,
12383,169511,12,154001,2,
12385,12271,7,6916,1,
12387,40276,2,,0,
12389,17255444,2,16810929,7,
12391,,0,3205000,1,
12393,,0,20000,3,
12399,965599,1,930000,2,
12402,11449,300,11000,170,
12403,11889,168,11294,189,
12404,1196,198,856,163,
12405,5044,133,4120,254,
12406,21953,368,21299,305,
12407,497,60,440,72,
12408,3865,95,3072,188,
12409,7355,149,6492,101,
12410,5336,137,4699,86,
12411,669,299,650,271,
12422,178899980,1,,0,
12428,,0,10001,1,
12432,,0,84000,1,
12439,,0,40000,1,
12445,,0,20406,1,
12447,,0,14776,2,
12449,458581,2,412974,2,
12451,134265,1,,0,
12453,759999,2,621111,1,
12455,,0,136393,1,
12460,40529,2,38331,5,
12462,43000,1,41202,5,
12466,,0,33910,5,
12468,,0,46005,2,
12470,42170,1,38000,3,
12472,37456,1,37051,6,
12474,,0,36700,3,
12476,,0,20250,1,
12478,40000,1,31383,3,
12480,84364,3,54279,6,
12482,39273,1,,0,
12484,39000,1,,0,
12486,22388,6,,0,
12488,,0,32703,2,
12490,130428,15,133353,17,
12492,287713,12,263516,11,
12494,443673,10,408260,13,
12496,86662,26,79452,4,
12498,130279,12,111000,24,
12500,279449,9,246973,21,
12502,435618,10,414986,13,
12504,135067,10,96497,8,
12506,,0,127228,23,
12508,515374,18,500335,16,
12510,702142,12,691209,20,
12512,95485,26,94407,7,
12514,8917,2,,0,
12516,,0,2178,5,
12518,,0,6967,3,
12522,6099,2,5832,2,
12524,26023,1,,0,
12526,815288,9,758035,2,
12528,6328,1,,0,
12532,,0,9000,1,
12534,11673,1,,0,
12536,31609,2,,0,
12596,3826442,7,3762204,14,
12598,1744785,8,1695405,8,
12601,19255801,6,,0,
12603,1920315,3,1685862,6,
12605,342563,4,327070,6,
12613,2543,1,2464,4,
12614,1887,2,2500,3,
12615,2431,6,2251,6,
12616,2030,6,2201,5,
12617,18012,4,17716,9,
12618,31515,2,22909,6,
12619,13567,8,13002,2,
12620,16779,1,15176,7,
12621,,0,28380,5,
12622,23771,2,22063,8,
12623,16766,4,16861,7,
12624,13822,5,6753,4,
12625,5513,13561,5548,11591,
12627,4232,171,4051,248,
12629,2892,10,2688,43,
12631,1350,5366,1282,3585,
12640,1068,26968,1054,25894,
12642,11211,12,10900,196,
12695,11312,12784,11173,5666,
12697,8675,63,8094,92,
12699,5687,310,5444,316,
12701,2857,832,2760,180,
12769,1747795,4,1444000,1,
12771,1470513,2,1357813,7,
12775,2605,734,2310,62,
12776,1881,115,1541,12,
12777,4450,147,2224,1062,
12778,1100,140,1054,41,
12779,,0,4716,36,
12780,1748,216,1254,17,
12781,2044,2,,0,
12782,2500,4,,0,
12783,337431,6,,0,
12786,498972,7,342460,14,
12789,345340,1,277398,6,
12798,,0,559794,1,
12800,809035,4,,0,
12802,,0,1227000,2,
12804,4973499,2,4776000,2,
12817,1220000000,1,,0,
12821,102891359,6,101508209,9,
12825,157922769,13,156457980,7,
12827,,0,155555555,1,
12829,62477,54,57505,50,
12831,740604,17,728534,23,
12833,698338,1,666010,1,
12851,34997,6,33467,12,
12863,770290,67,760163,35,
12865,8098,47,8020,1,
12867,10513,7,,0,
12869,39000,3,23604,4,
12871,17111,194,,0,
12873,3295111,41,3247542,35,
12875,1002336,13,987933,6,
12877,3000439,142,2966362,36,
12879,664741,4,641616,2,
12881,4131494,10,4028883,4,
12883,5495766,5,5365438,4,
12900,3171002,51,3123062,38,
12902,9135004,26,8990863,27,
12905,2374,2594,2288,5877,
12907,,0,1600,11,
12909,2100,32,,0,
12911,,0,355,1,
12913,10821,1650,10245,925,
12915,8344,4,6506,23,
12917,,0,5091,34,
12919,2127,2,2102,16,
12922,,0,3891640,6,
12924,3971878,79,3927432,92,
12927,,0,2905444,9,
12929,3003469,51,2950950,56,
12932,2960673,2,2946778,7,
12934,149,2370901,145,896486,
12936,22000,1,,0,
12938,20987,775,20465,1059,
12960,900,1,1239,29,
12962,869,2,,0,
12964,45999,8,,0,
12968,277700,9,,0,
12970,,0,258647,1,
12972,648,5,652,2,
12974,548,1,,0,
12976,239845,9,239845,1,
12978,286563,8,,0,
12980,875262,11,775580,3,
12982,817248,8,,0,
12984,1687,11,,0,
12988,6071,10,5700,1,
12990,11500,1,,0,
12992,85000,1,,0,
13000,6312,9,,0,
13002,6250,1,,0,
13004,27000,1,,0,
13008,37069,1,,0,
13010,,0,19436,2,
13012,18741,8,18000,2,
13016,41000,1,,0,
13020,,0,71361,1,
13022,86161,1,,0,
13024,129328,24,126612,6,
13026,135526,1,,0,
13032,448138,4,445000,1,
13034,273447,2,270000,3,
13036,14945934,3,14867101,8,
13040,256652,4,248500,4,
13042,237818,2,,0,
13044,516069,1,,0,
13046,572826,1,,0,
13048,161999,2,,0,
13054,148876,6,78000,2,
13058,,0,168844,1,
13060,193534,2,,0,
13062,173285,1,,0,
13066,3790,10,3391,3,
13149,,0,12000,1,
13151,218997,9,205228,2,
13153,15253,2,,0,
13155,19299,1,,0,
13157,144500,8,,0,
13159,237000,2,,0,
13161,,0,2101667,3,
13163,1974999,1,,0,
13165,982132,2,915266,2,
13169,1879542,4,1825197,3,
13171,999997,2,,0,
13173,23915,23,20472,43,
13190,5038816,337,5035029,281,
13227,2080724,1,2039383,6,
13229,124979,4,124069,14,
13231,,0,27519402,6,
13233,4492919,15,4444188,6,
13235,2802090,36,2765820,46,
13237,42092297,30,41573400,21,
13239,28198842,85,27857856,76,
13245,,0,41808,1,
13256,77487,3,73312,2,
13263,23440687,37,23031116,35,
13265,3331468,8,3242450,12,
13271,3274756,22,3280187,14,
13277,,0,10000,1,
13383,815,1,806,101,
13385,2756,40,2674,14,
13387,4161,76,3498,40,
13389,3145,251,2926,11,
13391,22,21302,23,38823,
13421,6,21169,4,35308,
13431,97,35705,93,1140,
13439,1397,29588,1371,23236,
13441,1528,83826,1495,46112,
13448,84,12,,0,
13454,218,4,,0,
13457,239,4,,0,
13460,,0,494,10,
13472,,0,1203,12,
13475,745,1311,635,366,
13478,,0,715,1,
13481,1054,5,731,4,
13484,1247,12,1179,33,
13487,,0,1444,22,
13490,,0,1300,74,
13493,,0,2256,169,
13496,2405,222,2277,1360,
13499,,0,2746,60,
13502,3952,42,3985,468,
13505,1585,1,1700,115,
13508,3116,47,2966,1234,
13511,5017,275,5018,1953,
13573,383,13520,380,23689,
13576,44734315,12,44244541,43,
13652,76489301,43,75770489,29,
13658,180,2,175,10,
19478,441803,10,433331,29,
19481,614639,13,623135,29,
19484,858,1881,817,2729,
19490,1788,864,1620,432,
19529,,0,14499194,14,
19544,16310100,29,16137718,35,
19547,16357977,70,16166128,62,
19550,16541450,23,16267399,32,
19553,16425136,126,16262090,97,
19574,38,7000,,0,
19578,,0,167,415,
19580,589,2807,582,28613,
19582,991,1072,968,14110,
19584,1,43113,,0,
19586,28335,3,28171,3,
19589,,0,134983,3,
19592,,0,29717,6,
19601,,0,30061,4,
19610,,0,401000,5,
19613,1793,570,,0,
19615,1833,812,1702,20,
19617,2311,78,1600,1,
19619,2769,1284,2763,365,
19621,2153,678,1963,341,
19623,2277,428,2010,68,
19625,2873,563,2544,501,
19627,5342,391,5204,34,
19629,3580,3193,3494,1093,
19631,5552,381,4561,434,
19653,700,153,764,240,
19662,1019,77,632,15,
19669,398,204,382,6029,
19672,2716,214,2272,504,
19707,41200000,2,,0,
19912,,0,4168,3,
19915,,0,1900,2,
19918,8764,4,,0,
19921,840013,12,808609,26,
19924,872110,21,833716,11,
19927,805907,18,784363,28,
19930,1130511,16,1108853,22,
19933,1078678,16,1049719,12,
19936,1198159,13,1178000,22,
19943,30000,1,,0,
19949,,0,4730,1,
19958,1950000,1,,0,
19961,,0,200000,1,
19970,,0,506000,2,
19973,,0,2050001,2,
19979,370000,1,,0,
19982,,0,605000,1,
19991,,0,21941,1,
19994,562532,2,531274,3,
19997,546863,4,547982,3,
20002,480682,2,453245,1,
20020,31000,1,20000,2,
20023,7000,1,,0,
20026,85696,3,63481,1,
20029,25000,1,21139,1,
20041,,0,8971,1,
20047,,0,24030,2,
20050,1199516,5,1166826,3,
20053,24081,2,,0,
20056,594499,3,550000,1,
20062,4783897,13,4642800,8,
20065,4472847,4,4261953,6,
20068,262951,1,244000,1,
20071,,0,4192656,4,
20074,,0,2705000,1,
20080,,0,592654,1,
20095,8375000,2,8165111,2,
20098,,0,22300004,3,
20101,5349999,1,5270000,1,
20104,,0,12910000,1,
20110,16514,4,,0,
20113,,0,5008,1,
20116,10617,5,,0,
20119,,0,12087,3,
20122,16000,1,13000,1,
20125,5372,4,4001,2,
20128,27110,2,18000,4,
20131,98301,5,,0,
20137,87704,4,65954,1,
20140,29153,1,22561,1,
20143,262334,5,,0,
20149,1072601,3,1081289,1,
20152,519000,1,,0,
20155,3300000,2,3175000,4,
20181,11037,1,,0,
20184,7924,1,7924,3,
20187,2842,3,,0,
20193,6462,1,,0,
20196,,0,6954,3,
20199,5215903,1,4951201,2,
20202,,0,1263994,1,
20205,573866,2,561000,2,
20208,265493,2,,0,
20217,1871236,1,,0,
20220,23001,44,18524,7,
20223,105544,48,96983,62,
20226,16095,32,16047,8,
20229,38058,20,16147,19,
20232,31709,18,22216,15,
20235,29409,12,25616,17,
20238,535,65,301,357,
20240,2400,1,2300,5,
20243,9999,2,5008,4,
20246,,0,2367,3,
20251,839,6,905,1,
20254,,0,1500,4,
20257,,0,1293,3,
20260,,0,2500,1,
20263,2022,2,950,4,
20266,,0,8475,2,
20269,8000,1,7800,2,
20272,,0,1000,1,
20275,2942,10,2000,2,
20376,45127,2,,0,
20436,,0,600000,1,
20439,,0,703000,1,
20517,546809,11,515683,16,
20520,241741,11,232548,10,
20590,2000000,1,3199052,1,
20595,544594,8,527879,10,
20716,955875,50,938935,54,
20718,3199,4762,3192,13334,
20724,30599953,8,30262395,15,
20727,61447,47,57796,23,
20730,64554,9,57001,7,
20733,106117,5,89678,5,
20736,25090,25,18450,4,
20739,56804,25,44855,3,
20749,1623,1,1111,1,
20756,,0,450000,4,
20849,413,2470,403,4622,
20997,1012784524,11,1009370289,11,
21000,24197260,41,23889711,15,
21003,12065468,22,11871338,22,
21006,100881336,19,100409315,19,
21009,61938,2,57643,15,
21012,89005345,28,88462744,28,
21015,10917968,24,10769424,29,
21018,9191226,17,9047270,22,
21021,70094087,10,69284413,23,
21024,68489392,18,67869274,17,
21028,1130832,16,1109920,24,
21034,18372849,3,17943886,7,
21043,,0,97125000,1,
21047,49750,5,47101,42,
21049,148846750,4,146248600,5,
21079,1597671,9,1553122,15,
21081,1593,2,,0,
21093,629,250,,0,
21108,12448,1,,0,
21111,956,10,,0,
21123,,0,1927,100,
21126,230,15,,0,
21140,886,7,,0,
21143,1439,2354,1403,728,
21146,991,576,1036,106,
21160,,0,800,5,
21163,1135,1753,1116,219,
21166,2529,964,2408,402,
21177,1985,80,1652,485,
21180,1249,12,,0,
21183,2381,265,2278,98,
21257,3500,60,3000,33,
21270,7952152,5,7768320,2,
21279,1749870,7,1704330,1,
21298,432353,7,425801,11,
21301,748962,23,725672,18,
21304,563390,28,554320,26,
21316,346,19904,322,34530,
21318,,0,414,99,
21326,299,79589,271,107267,
21332,327,45,,0,
21334,590,1000,584,249,
21336,1327,673,971,194,
21338,273,2768,270,41759,
21347,4218,10803,4165,27469,
21350,250,30491,230,1,
21352,805,747,,0,
21387,162249,3,161064,20,
21477,499,155,380,21,
21480,2686,407,2087,372,
21483,876,10840,849,5340,
21486,31,22,16,27,
21488,1488,29,1354,341,
21490,342,52,290,112,
21504,173,953,174,15568,
21512,355,75,,0,
21515,,0,814,244,
21518,685,9,,0,
21521,1169,15,1241,21,
21543,78,13,74,119,
21545,25,428,37,2,
21555,30,154636,34,65683,
21622,80,6767,79,7046,
21626,,0,1326,124,
21634,27233661,4,26715631,4,
21643,664231,7,618778,8,
21646,20445,5,19442,7,
21652,2104,1332,2058,1346,
21690,934,28,,0,
21730,,0,4180000,5,
21733,4959884,28,4875199,30,
21736,31238,10,30884,10,
21739,30000,1,18692,12,
21742,136229,7,122997,19,
21754,272,901,221,6506,
21802,1252,1896,1251,7109,
21804,179631,12,172471,26,
21807,491177,5,485051,70,
21810,,0,988460,71,
21813,,0,1980351,17,
21817,44037,2146,44024,5922,
21820,118,357208,115,617330,
21838,,0,5148,7,
21880,419,66476,415,74288,
21892,2269521,4,2224880,4,
21895,47924924,1,47100000,1,
21902,2464033,43,2434652,159,
21905,3745,28169,3727,18816,
21918,2281365,4,2264011,16,
21930,3761,17388,3727,71604,
21932,3957,4711,3880,9598,
21934,,0,2292,10,
21936,2769,140,2240,6,
21940,2287,361,1606,28,
21942,2961,2000,,0,
21944,4056,60834,4015,14266,
21946,4091,28689,4054,24567,
21948,3531,2347,3407,8109,
21950,,0,12551,98,
21952,438,68,378,1,
21955,,0,3701,412,
21967,3935,15467,3939,10651,
21969,3993,1876,3999,2438,
21973,,0,10801,472,
21975,11908,644,11876,14,
21978,10927,1311,10815,1198,
21981,,0,7302,4,
21984,,0,4450,2,
21987,,0,1500,1,
22003,30153711,16,29912399,21,
22006,30850000,4,29875000,4,
22103,,0,132000,3,
22106,49500,4,,0,
22111,98270,11,93448,9,
22118,,0,650,60,
22124,11747,6619,11695,21773,
22192,1520,154,1274,14,
22195,1549,200,1473,279,
22198,1055,710,932,2,
22201,1962,1428,1826,482,
22204,1316,660,,0,
22209,9983,4718,9830,819,
22212,7540,58,7648,45,
22215,5274,1,5034,3,
22218,,0,2064,22,
22231,22698,5,22128,2,
22236,,0,12200000,1,
22246,8959999,7,8528160,6,
22251,,0,5,1,
22254,,0,23,248,
22257,6,2126,4,349,
22260,115,168,,0,
22263,,0,480,19,
22266,499,125,375,2427,
22272,680,2,263,146,
22275,3044,2,2600,4,
22278,4750,1,3139,2,
22281,11752,6,7741,6,
22284,19484,75,18623,45,
22290,,0,3761000,1,
22294,7810333,7,7622175,5,
22296,5971950,2,5853150,11,
22299,3971159,1,3973224,15,
22302,7949999,1,7947528,8,
22305,15934357,3,15934637,14,
22324,119292795,14,118564005,14,
22326,35690558,9,35248584,11,
22327,13916729,9,13693910,12,
22328,16150186,10,15848606,15,
22368,7657648,6,7393764,4,
22430,,0,501,1,
22438,66021693,8,65410776,15,
22443,13000,990,12011,1,
22446,9847,2278,9528,1358,
22449,10708,21,10260,19,
22455,,0,4327,1,
22461,14390,3217,14360,1139,
22464,,0,10374,37,
22467,,0,6000,3,
22470,,0,3313,2,
22477,45921331,11,44974477,4,
22481,70323427,15,69384184,25,
22486,521166667,3,515746453,17,
22542,7131100,33,7047281,31,
22547,23813362,35,23510953,29,
22552,3500000,2,3350000,5,
22557,398851,30,386773,44,
22593,110,20393,93,5428,
22595,99,17159,102,900,
22597,130,21345,106,8980,
22599,1524,81,1483,128,
22601,950,493,,0,
22603,590,10503,508,1923,
22731,,0,42481,2,
22740,70000,6,60732,4,
22780,1100,375,1100,4778,
22783,2494,152,2302,245,
22786,5384,136,5236,11456,
22789,1421,10771,,0,
22795,585,12,475,123,
22804,3565,3688,3502,2886,
22806,,0,2834,1,
22810,4473,260,4202,5994,
22818,21,267,22,29,
22826,,0,69,1,
22832,1,1,,0,
22856,94487,94,94034,32,
22859,44863,14,42571,45,
22866,194103,137,192215,78,
22869,90625,4,89796,80,
22871,41050,17,41005,48,
22873,25,224,17,126,
22877,191075,7,189972,140,
22879,1987,972,1939,1160,
22887,1955,190,1543,223,
22929,930,731,901,602,
22932,715,12,715,95,
22935,7898,6,7957,671,
22949,2632,196,2294,143,
22951,925708,30,907320,36,
22954,2160236,12,1932318,14,
22957,,0,856333,2,
22960,95000,1,58612,5,
22963,,0,36664,2,
22966,53799998,1,,0,
22975,3185123,96,3139072,73,
22978,69722518,36,68941803,67,
22983,5019801,24,4938350,15,
22988,78583,5,63683,15,
22994,311581,11,286210,14,
22999,9400,1,,0,
23002,14947,38,12293,7,
23037,427,8,210,11,
23047,82863,2,59610,1,
23050,144372,7,129235,3,
23053,164996,6,131006,2,
23110,168760,1,145007,1,
23113,157784,28,140031,2,
23116,299292,1,268221,1,
23119,527315,3,,0,
23185,1720479,2,1740957,2,
23191,,0,350001,2,
23194,,0,330010,1,
23197,400000,1,301010,1,
23200,408615,3,360372,1,
23203,,0,230000,1,
23206,7986,2,3600,1,
23215,,0,40917,1,
23221,,0,39000,1,
23224,,0,20000,14,
23227,31038,1,27000,3,
23232,3617,1,3604,1,
23237,9492,2,7504,1,
23246,2620519,17,2563517,8,
23249,227465,4,220724,3,
23255,11148,1,,0,
23261,7700000,1,,0,
23267,12898998,1,12450000,1,
23270,,0,6218,1,
23276,5300000,1,5145378,2,
23282,,0,3450000,1,
23285,,0,355805,1,
23288,48219,1,44495,3,
23291,,0,26056,4,
23294,44222,2,43000,2,
23297,45133,3,43809,3,
23300,371000,1,365500,3,
23303,45658,5,47352,2,
23306,20000,1,19878,1,
23309,7345,1,6782,2,
23312,4030,1,967,3,
23315,3246,1,,0,
23318,1860,1,5930,2,
23321,20000,1,16569,3,
23324,38107,2,34000,1,
23327,89821,2,,0,
23348,2659335,3,2481126,5,
23351,7996552,3,7784545,4,
23354,1039000,2,984333,2,
23357,162488,2,,0,
23360,5720791,4,5460536,3,
23369,5649,2,,0,
23381,,0,176501,3,
23384,,0,34310,1,
23387,11678,61,11477,2,
23389,541604,35,528610,39,
23392,9749,1,9721,2,
23395,,0,9744,2,
23398,9786,1,9751,2,
23401,9826,2,9756,3,
23404,9787,2,9757,1,
23407,17500,5,4894,4,
23410,43316,4,39876,5,
23413,51067,9,47699,6,
23499,43970,36,42700,84,
23517,38098,5,37500,35,
23522,21000,1,,0,
23528,376527,13,353836,10,
23685,15274,4815,15085,5928,
23688,12580,54,11496,17,
23691,8329,35,7101,10,
23694,3869,311,3800,25,
23697,921,44,,0,
23706,,0,150,1,
23709,3530,883,3200,349,
23721,1337,4,,0,
23730,500,1,,0,
23733,2179,10841,2121,2050,
23736,1899,73,1848,119,
23739,,0,1379,27,
23742,800,80,656,4,
23745,1987,230,1861,1178,
23751,,0,203,2,
23908,34444,33,30667,3,
23943,,0,2012000,2,
23953,6739304,8,6672594,10,
23956,12668186,21,12513511,64,
23959,3069410,31,3082570,39,
23997,,0,218000000,1,
24000,441465,1,427653,3,
24003,4295,1,,0,
24018,,0,6642,1,
24027,,0,6000,1,
24034,,0,1126503,1,
24037,628102,1,628102,1,
24040,1172075,3,1211558,2,
24043,72816,1,,0,
24046,481700,1,358558,1,
24187,1861067,26,1825716,22,
24219,18833832,1,,0,
24229,835426,80,816972,52,
24251,34530,35,30100,51,
24268,21896344,34,21508429,32,
24288,1313000,1,1310000,2,
24291,,0,4575000,1,
24294,1690000,2,1505000,1,
24333,7999995,2,,0,
24387,408345,1,402000,1,
24389,,0,1206000,1,
24395,,0,501301,1,
24417,367992043,5,365000000,1,
24419,79409900,3,77447585,5,
24420,,0,103628000,4,
24421,118656091,1,118139218,5,
24422,25145558,7,24634891,5,
24463,,0,698287,8,
24466,754803,5,,0,
24488,305168994,10,301100000,1,
24495,,0,600000,1,
24511,,0,612783550,2,
24514,146700132,2,142581051,3,
24517,53750000,2,,0,
24585,57745,337,56225,130,
24587,4687781,20,4526323,8,
24589,985,7616,945,3449,
24592,1355,980,1319,2860,
24595,799,1765,745,1977,
24598,9053,7146,8712,7456,
24607,627,5633,622,28462,
24609,30,7,30,972,
24611,33,140,13,3371,
24613,361,24895,349,18855,
24615,209,4323,203,15036,
24621,124,10024,113,8455,
24626,,0,9000,3,
24635,17533,1957,17264,507,
24638,,0,13000,10,
24641,,0,7251,3,
24644,,0,3269,68,
24740,105811,31,102956,6,
24774,,0,102,83,
24777,5923086,9,5817158,9,
24844,47712500,4,46872215,3,
24949,2286,23,1657,101,
24951,950,206,,0,
24953,968,110,,0,
24955,890,39,936,100,
24959,1750,20,,0,
24961,1587,182,1608,802,
24963,1999,53,,0,
25099,105951,14,93767,5,
25139,360,25,305,25,
25389,,0,140000,1,
25392,,0,7500,1,
25395,,0,24229,2,
25398,63287,2,43061,3,
25401,,0,124674,1,
25404,237986,5,221676,4,
25407,175000,4,,0,
25410,55464,6,,0,
25413,91532,3,81099,3,
25416,239000,2,197700,2,
25419,6000,2195,5892,3002,
25454,,0,23541,1,
25481,,0,2200,2,
25521,212277,1,175000,1,
25576,901927,3,865629,7,
25578,1140,577,1100,999,
25766,,0,90,13,
25769,434,131,425,465,
25772,,0,1300,1361,
25775,,0,2033,790,
25778,,0,3712,1394,
25849,366,215176,362,120310,
25853,540,84459,536,42144,
25857,,0,951,241,
25859,,0,222236116,2,
25862,225803875,8,222726823,3,
1640718000
